 3    2   1    0.02    0.6  0.0 16.76   0   0 0 -1
 3    2   1    0.02    0.6  0.0 17.3   0   0 0 -1
 3    2   1    0.02    0.6  -0.11 7.15   6   3 2 1
 3    2   1    0.02    0.6  0.0 41.07   0   0 0 -1
 3    2   1    0.02    0.6  -0.3 8.97   6   3 3 0
 3    2   2    0.04    0.6  -0.41 5.07   7   3 3 0
 3    2   1    0.02    0.6  0.3 2.3   0   0 0 1
 3    2   1    0.02    0.6  -0.53 3.65   4   2 1 2
 3    2   1    0.02    0.6  -0.58 6.8   6   3 2 1
 3    2   2    0.04    0.6  -0.83 2.55   4   2 1 1
 3    2   1    0.02    0.6  -0.28 12.82   10   5 5 0
 3    2   2    0.04    0.6  -1.33 7.58   10   5 5 0
 3    2   3    0.08    0.6  18.0 62.06   16   7 8 1
 3    2   4    0.04    0.6  107.76 153.28   10   5 4 1
 3    2   5    0.08    0.6  -2.2 5.63   12   6 6 0
 3    2   6    0.02    0.6  -2.8 2.98   4   2 2 0
 3    2   7    0.08    0.6  4.28 6.37   2   1 1 0
 3    2   8    0.02    0.6  0.43 2.87   2   1 1 0
 3    2   9    0.04    0.6  1.83 4.22   2   1 1 0
 3    2   10    0.04    0.6  -2.83 0.4   2   1 2 0
 3    2   11    0.02    0.6  1.58 4.18   2   1 1 0
 3    2   12    0.08    0.6  -1.06 1.2   2   1 1 0
 3    2   13    0.02    0.6  -2.78 0.13   2   1 1 0
 3    2   14    0.04    0.6  1.47 4.02   2   1 1 0
 3    2   15    0.02    0.6  2.07 5.02   2   1 1 0
 3    2   16    0.04    0.6  6.23 8.71   2   1 1 0
 3    2   17    0.02    0.6  1.35 4.77   2   1 1 0
 3    2   18    0.08    0.6  6.0 8.55   2   1 1 0
