 4    1   2    1    8  0.07 4.97   2   le:0re:0
 4    1   2    1    8  0.57 30.62   1   le:0re:1
 1    1   2    1    8  -0.8 7.41   1   le:0re:0
 4    1   2    1    8  -0.72 36.54   7   le:4re:6
 4    1   3    2    8  0.11 54.38   7   le:0re:0
 4    1   2    1    8  -0.6 23.76   8   le:2re:0
 4    1   3    2    8  -0.91 1.46   10   le:0re:1
 4    1   2    1    4  0.8 7.38   0   le:0re:1
 4    1   3    2    4  0.72 3.22   0   le:0re:0
 4    1   2    1    8  -0.6 7.34   2   le:1re:2
 4    1   3    2    8  -0.67 18.86   2   le:1re:0
