 2    2   1    0.02    0.6  8.92 33.64   1   1 1 -1
 2    2   2    0.04    0.6  -0.73 5.45   5   2 2 -1
 2    2   3    0.08    0.6  -0.8 5.37   9   2 2 -1
 2    2   4    0.04    0.6  -0.83 5.14   13   2 2 -1
 2    2   5    0.08    0.6  -0.85 2.49   15   1 1 -1
 2    2   6    0.02    0.6  -0.86 4.84   17   1 2 -1
 2    2   7    0.08    0.6  -0.78 4.67   19   1 2 -1
 2    2   8    0.02    0.6  -0.7 5.09   21   1 1 -1
 2    2   9    0.04    0.6  -0.78 3.12   23   1 1 -1
 2    2   10    0.04    0.6  -0.78 5.85   27   2 3 -1
 2    2   11    0.02    0.6  -0.31 6.87   31   2 2 -1
 2    2   12    0.08    0.6  -0.88 2.59   33   1 1 0
 2    2   13    0.02    0.6  -0.75 2.95   35   1 1 -1
 2    2   14    0.04    0.6  -0.75 4.07   37   1 2 -1
 2    2   15    0.02    0.6  -0.75 3.85   39   1 2 -1
 2    2   16    0.04    0.6  -0.91 4.67   43   2 2 -1
 2    2   17    0.02    0.6  -0.85 2.89   45   1 1 -1
 2    2   18    0.08    0.6  -0.88 4.62   49   2 2 -1
 2    2   19    0.02    0.6  -0.86 18.2   51   0 0 4
