 4    2   1    0.02    0.6  32.21 34.96   1   1 1 -1
 4    2   2    0.04    0.6  -0.91 1.22   3   1 1 -1
 4    2   3    0.08    0.6  -0.88 1.34   5   1 1 -1
 4    2   4    0.04    0.6  -0.86 1.39   7   1 1 -1
 4    2   5    0.08    0.6  -0.86 1.39   9   1 1 -1
 4    2   6    0.02    0.6  -0.88 1.7   11   1 1 -1
 4    2   7    0.08    0.6  -0.85 1.4   13   1 1 -1
 4    2   8    0.02    0.6  -0.9 1.97   15   1 1 -1
 4    2   9    0.04    0.6  -0.83 1.85   17   1 1 -1
 4    2   10    0.04    0.6  -0.86 1.82   19   1 1 -1
 4    2   11    0.02    0.6  -0.8 2.35   21   1 1 0
 4    2   12    0.08    0.6  -0.85 1.67   23   1 1 0
 4    2   13    0.02    0.6  -0.86 2.22   25   1 1 -1
 4    2   14    0.04    0.6  -0.81 2.0   27   1 1 -1
 4    2   15    0.02    0.6  -0.86 1.97   29   1 1 0
 4    2   16    0.04    0.6  -0.85 2.24   31   0 1 1
 4    2   17    0.02    0.6  -0.88 5.59   33   2 0 1
 4    2   18    0.08    0.6  -0.85 3.14   35   1 2 -1
 4    2   19    0.02    0.6  -0.83 2.44   37   1 1 -1
