 2    2   1    0.02    0.6  0.0 28.24   -1   le:0re:0-1
 2    2   2    0.04    0.6  -0.6 6.33   1   le:0re:0-1
 2    2   3    0.08    0.6  -0.75 3.5   3   le:0re:0-1
 2    2   4    0.04    0.6  -0.88 6.9   9   le:0re:0-1
 2    2   5    0.08    0.6  -0.81 5.37   13   le:0re:0-1
 2    2   6    0.02    0.6  -0.83 4.92   13   le:0re:0-1
 2    2   7    0.08    0.6  -0.85 1.75   15   le:0re:0-1
 2    2   8    0.02    0.6  -0.86 2.35   17   le:0re:0-1
 2    2   9    0.04    0.6  -0.81 2.1   19   le:0re:0-1
 2    2   10    0.04    0.6  -0.83 1.67   21   le:0re:0-1
 2    2   11    0.02    0.6  -0.81 2.37   23   le:0re:0-1
 2    2   12    0.08    0.6  -0.36 2.39   23   le:0re:0-1
 2    2   13    0.02    0.6  -0.8 1.75   25   le:0re:0-1
 2    2   14    0.04    0.6  -0.83 2.85   27   le:0re:0-1
 2    2   15    0.02    0.6  -0.88 2.85   29   le:0re:0-1
 2    2   16    0.04    0.6  -0.8 3.64   31   le:0re:0-1
 2    2   17    0.02    0.6  -0.81 2.19   33   le:0re:0-1
 2    2   18    0.08    0.6  -0.75 2.24   35   le:0re:0-1
 2    2   19    0.02    0.6  -0.81 3.42   39   le:0re:0-1
 2    2   20    0.02    0.6  -0.96 2.34   41   le:0re:0-1
