 4    2   1    0.02    0.6  -0.76 2.4   1   1 1 -1
 4    2   2    0.04    0.6  -0.81 1.89   3   1 1 0
 4    2   3    0.08    0.6  -0.88 1.97   5   1 1 0
 4    2   4    0.04    0.6  -0.85 1.6   7   1 1 0
 4    2   5    0.08    0.6  -0.86 1.72   9   1 1 0
 4    2   6    0.02    0.6  -0.93 3.99   11   1 2 -1
 4    2   7    0.08    0.6  -0.86 2.89   13   1 2 -1
 4    2   8    0.02    0.6  -0.9 2.2   15   1 1 1
 4    2   9    0.04    0.6  -0.91 2.07   17   1 1 -1
 4    2   10    0.04    0.6  -0.9 1.95   19   1 1 -1
 4    2   11    0.02    0.6  -0.83 1.99   21   1 1 -1
 4    2   12    0.08    0.6  -0.03 3.12   23   1 1 0
 4    2   13    0.02    0.6  -0.9 0.94   23   0 1 -1
 4    2   14    0.04    0.6  -0.9 1.84   25   1 2 -1
 4    2   15    0.02    0.6  -0.9 1.95   27   1 2 -1
 4    2   16    0.04    0.6  -0.86 1.82   29   1 1 -1
 4    2   17    0.02    0.6  -0.9 4.74   31   1 1 6
 4    2   18    0.08    0.6  -0.88 1.52   33   1 1 -1
 4    2   19    0.02    0.6  -0.9 2.84   35   0 0 2
