 1    2   1    0.02    0.6  13.67 16.76   1   1 1 -1
 1    2   2    0.04    0.6  -0.93 1.52   3   1 1 -1
 1    2   3    0.08    0.6  -0.88 1.45   5   1 1 -1
 1    2   4    0.04    0.6  -0.9 1.19   7   1 1 -1
 1    2   5    0.08    0.6  -0.91 1.1   9   1 1 -1
 1    2   6    0.02    0.6  -0.9 1.47   11   1 1 -1
 1    2   7    0.08    0.6  -0.91 1.22   13   1 1 -1
 1    2   8    0.02    0.6  -0.91 1.25   15   1 1 -1
 1    2   9    0.04    0.6  -0.91 1.45   17   1 1 -1
 1    2   10    0.04    0.6  -0.91 1.34   19   1 1 0
 1    2   11    0.02    0.6  -0.91 1.37   21   1 1 0
 1    2   12    0.08    0.6  -0.88 1.1   23   1 1 -1
 1    2   13    0.02    0.6  -0.88 1.39   25   1 1 -1
 1    2   14    0.04    0.6  -0.9 1.1   27   1 1 -1
 1    2   15    0.02    0.6  -0.9 1.44   29   1 1 0
 1    2   16    0.04    0.6  -0.96 1.3   31   1 1 0
 1    2   17    0.02    0.6  -0.91 1.42   33   1 1 0
 1    2   18    0.08    0.6  -0.88 1.02   35   1 1 0
 1    2   19    0.02    0.6  -0.93 1.22   37   1 1 0
